0.05046436895065798 0.7158085174126221 0.4785699624746921 0.41566866842809724
0.668612938697358 0.8946334086569658 0.6503593070766958 0.6460537288115078
0.3517585601179889 0.007955100413151617 0.9966893194939045 0.2371574409882531
0.8361937902696177 0.5006508404168034 0.6132927327309526 0.5572880025879275
0.8036122005317587 0.021332534424541083 0.5736826089432671 0.12360263781120151
0.8496238522785878 0.5895961644645662 0.4707200167792056 0.20751357516097935
0.7177191226072533 0.6715274470435737 0.6132429013354573 0.5342639613541501
0.6914786510868719 0.2856364757834067 0.6879438414723416 0.4036637482236264
0.28880752031169676 0.6625938912155733 0.9206676403945317 0.7110416199373891
0.9968588180092306 0.829704830891856 0.5530291569677287 0.013673149340855617
0.9286261646188022 0.8351072053013973 0.009431587164297595 0.25500564632286116
0.016488740255862555 0.8061156992539099 0.4308198672842575 0.103653363800976
0.5505599277703412 0.028619095266567696 0.6870215354716515 0.33571113356796045
0.4139163061506723 0.8337091433486377 0.35270822144011593 0.5041392599206049
0.4033192068800875 0.3749637249240503 0.1123569670045792 0.02425925493662595
0.020688829892378413 0.07947743948756347 0.08415074202080419 0.6740632063926308
0.9041153546334133 0.8743323881235521 0.2591990218326382 0.7513512976116984
0.29644475521868596 0.5399393063057191 0.4818019957854126 0.10475228474590337
0.8904049014429205 0.024970254564611882 0.5590713723120109 0.9275700295564896
0.8442179543982837 0.2579805924080494 0.4436522855530779 0.732228988756723
